ResNet:
              precision    recall  f1-score   support

           0     0.9975    1.0000    0.9988       406
           1     0.9944    0.9944    0.9944       178
           2     0.9950    0.9851    0.9900       201
           3     0.9709    1.0000    0.9853       401
           4     1.0000    0.9615    0.9804       234
           5     0.9932    0.9932    0.9932       293
           6     0.9956    0.9935    0.9945       459
           7     0.9307    0.9082    0.9193       414
           8     0.9125    0.9257    0.9190       417
           9     0.9952    0.9976    0.9964       412
          10     0.9825    0.9894    0.9860       284

    accuracy                         0.9754      3699
   macro avg     0.9789    0.9771    0.9779      3699
weighted avg     0.9755    0.9754    0.9754      3699
