MobileNetV3:
              precision    recall  f1-score   support

           0     0.9901    0.9901    0.9901       406
           1     1.0000    0.9888    0.9944       178
           2     1.0000    0.9652    0.9823       201
           3     0.9496    0.9875    0.9682       401
           4     0.9698    0.9615    0.9657       234
           5     0.9865    0.9966    0.9915       293
           6     0.9934    0.9891    0.9913       459
           7     0.9342    0.8913    0.9122       414
           8     0.8968    0.9376    0.9168       417
           9     0.9903    0.9927    0.9915       412
          10     0.9964    0.9718    0.9840       284

    accuracy                         0.9689      3699
   macro avg     0.9734    0.9702    0.9716      3699
weighted avg     0.9693    0.9689    0.9689      3699
