AlexNet:
              precision    recall  f1-score   support

           0     0.9804    0.9877    0.9840       406
           1     1.0000    0.9663    0.9829       178
           2     0.9899    0.9801    0.9850       201
           3     0.9730    0.9875    0.9802       401
           4     0.9786    0.9786    0.9786       234
           5     0.9966    0.9863    0.9914       293
           6     0.9891    0.9913    0.9902       459
           7     0.9091    0.9179    0.9135       414
           8     0.9106    0.9041    0.9073       417
           9     0.9927    0.9903    0.9915       412
          10     0.9789    0.9824    0.9807       284

    accuracy                         0.9686      3699
   macro avg     0.9726    0.9702    0.9714      3699
weighted avg     0.9687    0.9686    0.9687      3699
